td_0_string=boot
td_0_data=314.000000 255.000000 2 0 0 0 0.129167 0.800000 -1 0 255 0 329.000000 16.500000 1 1 1 560 1 1 -1.000000 0.000000 -90.000000 0.399998 255 0 255 
td_0_bar_data=100.000000 0 
td_1_string=LD_POOL:ball
td_1_data=296.000000 188.500000 4 1 1 0 0.600000 2.000000 255 255 50 1 50.000000 60.000000 0 1 1 0 1 1 -10.000000 0.000000 -20.000000 1.000000 255 255 50 
td_1_bar_data=100.000000 0 
td_2_string=Door (FR)
td_2_data=350.000000 212.000000 2 0 0 0 0.129167 0.800000 -65281 0 255 0 369.000000 15.500000 1 1 1 560 1 1 -1.000000 0.000000 -90.000000 0.399998 255 0 255 
td_2_bar_data=100.000000 0 
td_3_string=lights
td_3_data=339.000000 185.000000 2 0 0 0 0.129167 0.800000 -1962934017 0 255 0 358.500000 15.500000 1 1 1 560 1 1 -1.000000 0.000000 -90.000000 0.399998 255 0 255 
td_3_bar_data=100.000000 0 
td_4_string=bonnet
td_4_data=311.000000 172.000000 2 0 0 0 0.129167 0.800000 1433087999 0 255 0 331.500000 15.000000 1 1 1 560 1 1 -1.000000 0.000000 -90.000000 0.399998 255 0 255 
td_4_bar_data=100.000000 0 
td_5_string=engine
td_5_data=308.000000 211.000000 2 0 0 0 0.191666 1.049998 9109759 0 -16776961 0 339.000000 31.500000 1 1 1 560 1 1 -1.000000 0.000000 -90.000000 0.399998 255 0 255 
td_5_bar_data=100.000000 0 
td_6_string=Lock
td_6_data=290.000000 185.000000 2 0 0 0 0.129167 0.800000 -1 0 255 0 306.000000 12.000000 1 1 1 560 1 1 -1.000000 0.000000 -90.000000 0.399998 255 0 255 
td_6_bar_data=100.000000 0 
td_7_string=Door (BR)
td_7_data=339.000000 240.000000 2 0 0 0 0.129167 0.800000 -65281 0 255 0 353.500000 15.000000 1 1 1 560 1 1 -1.000000 0.000000 -90.000000 0.399998 255 0 255 
td_7_bar_data=100.000000 0 
td_8_string=Door (BL)
td_8_data=290.000000 240.000000 2 0 0 0 0.129167 0.800000 -65281 0 255 0 303.500000 15.500000 1 1 1 560 1 1 -1.000000 0.000000 -90.000000 0.399998 255 0 255 
td_8_bar_data=100.000000 0 
td_9_string=Door (FL)
td_9_data=281.000000 212.000000 2 0 0 0 0.129167 0.800000 -65281 0 255 0 295.000000 16.000000 1 1 1 560 1 1 -1.000000 0.000000 -90.000000 0.399998 255 0 255 
td_9_bar_data=100.000000 0 
